.Random.seed <-
c(403L, 10L, -683392741L, 269657721L, 46506696L, 1827500790L, 
-1503282383L, -119895197L, 1442767154L, -1409228156L, 106581703L, 
-579119715L, -988905196L, 925724602L, -402462203L, -1830855713L, 
446026342L, 2003324400L, -2054186221L, 1633887409L, -1084311712L, 
-1068755714L, -638307191L, -1023446085L, 106454410L, 1056226412L, 
-1299229201L, 163868197L, -49763620L, 968310962L, 1062441901L, 
-752187545L, -623233906L, 568340840L, -1787088533L, -509721847L, 
90125720L, -1344977722L, 1963195937L, 642653875L, -1503591390L, 
1339997716L, -424447337L, -375116659L, 338518436L, -1701639286L, 
-182736907L, 836593231L, -308076202L, -861246464L, -1624988349L, 
691898593L, 1246618192L, 626507438L, -1350571431L, 537260651L, 
-43722790L, -56469348L, -856204641L, 566245621L, -1678188148L, 
-2061300638L, -467182531L, 64827063L, 1275104606L, -1974233960L, 
2126561275L, 1813702041L, -1557154264L, 1856843478L, -509441199L, 
-601190909L, -890998382L, -258592988L, 493044199L, -2010337731L, 
781711540L, -1619603686L, 2028725349L, 759098623L, -600613498L, 
-66055408L, 700458931L, 1689111633L, -28463104L, -2043780898L, 
736074537L, -1892505893L, 651695594L, -443613812L, 695988943L, 
1940729477L, -687600324L, 1131532306L, -1490428147L, -1742758841L, 
-435950034L, 502036360L, 245285515L, -830409623L, 711899192L, 
1027895526L, -1039017855L, -1099808749L, -2077833278L, -1021943692L, 
627742327L, 2142455661L, 774436868L, 311259946L, 1453181077L, 
1876760367L, -1471152586L, -1351013792L, 2025076899L, 268655553L, 
-1256515664L, -439156018L, 1631477817L, -1305717173L, 1522424826L, 
-1452071172L, -435328193L, -474881003L, 156761900L, 1323258882L, 
-1784637731L, -1322457641L, -1071378242L, 2023383800L, -1634932517L, 
181934905L, 1433579144L, 373529142L, -910298511L, 736372899L, 
-130293262L, -1357254332L, -2013484537L, -722200611L, -741207852L, 
-1150414854L, -452851899L, 2042094495L, 1657366822L, 1706391984L, 
-1357606317L, 278748529L, -202740576L, 1550953534L, 1815700297L, 
1579692539L, 1486771658L, -1606477012L, -1843784913L, 1265732069L, 
-1617668964L, 1773723890L, 1122433389L, -2147076441L, 1623668942L, 
270964264L, 1138368043L, -1567296439L, -1903196840L, -1425843194L, 
1200807393L, -125327501L, -441965598L, -1210971308L, -1191180713L, 
1000619597L, 398635492L, 1854081994L, -456151499L, 1792636047L, 
-1412457066L, -1118240448L, 1754602499L, 1493638689L, 918563088L, 
-1716042002L, -395683175L, -297250005L, -471597542L, -179907364L, 
-1793300257L, 1923794613L, -1915748276L, -1926792030L, -332608515L, 
1569020151L, -454148578L, -12529448L, 1451488315L, 1517231577L, 
-271168664L, -2041076074L, -749961199L, -1079844413L, -425194030L, 
-1344183196L, -743074905L, 10452221L, -1093756684L, 1634217946L, 
-136887515L, 1010905663L, 2033883590L, -1813352880L, -212098445L, 
2145130129L, -1131794752L, -1165969250L, 1903809641L, 1369342107L, 
1342767530L, -1355753012L, 89257103L, -1689563963L, -141484932L, 
1894633682L, 1816064077L, -66369273L, 60800238L, -261925432L, 
929487563L, 989119273L, 1755128696L, 2046277792L, 1024129410L, 
-493713176L, 192998124L, 83563836L, -851225486L, -1754649488L, 
-531631068L, -381042632L, -379342054L, 1042957520L, 596296508L, 
1267183508L, -1666205822L, -1151885888L, 2120839740L, 1519278480L, 
601416226L, 642809096L, -730922356L, 1045579548L, -673654638L, 
-1060189824L, 1084451348L, 322253608L, 468278842L, 767558096L, 
1436861804L, -384345164L, -938488814L, 1861605856L, 1679408076L, 
1945229536L, -224325598L, -397521624L, -1080562164L, -1093514436L, 
1150870514L, 1898950384L, 1482535492L, 2019241560L, -829525190L, 
-1364975120L, -498909508L, 1790397716L, 1974638274L, 432822368L, 
-1477613700L, 148466640L, 1500581154L, -963619160L, 900098956L, 
1491811516L, 1252828978L, 1009498688L, -1985191756L, 2023418440L, 
1529466298L, 116204048L, -1198508308L, 1076032852L, 610235666L, 
-928515680L, -1132144948L, -1126535584L, 301349826L, 108309288L, 
303774636L, 181034812L, -47530638L, 1893347120L, -620694236L, 
-290102472L, -1148592422L, -2071893104L, -2054890756L, -717397100L, 
2026954818L, 1983455488L, -169362372L, -828369584L, 774115490L, 
1792296264L, -983921908L, -759452964L, -173035182L, -1101633408L, 
-90928044L, -1044487192L, 509312250L, 1826832208L, 1699977004L, 
812539252L, -1246027886L, 1414478944L, 1555670412L, -386854048L, 
-1469188638L, -2062597208L, 188197068L, 1341215740L, -86785614L, 
933531120L, -1713365052L, -403568296L, 728063354L, -537049168L, 
1353989564L, -1327303596L, 1596610498L, 1954498592L, -477757252L, 
-1444743600L, 1849464802L, 243570792L, -2054465460L, -2048015108L, 
-828200974L, -1312809728L, -1063541388L, 1583538184L, -1708153926L, 
-447937072L, 2035548140L, 15132052L, -272948782L, 565025120L, 
1895521100L, 418971936L, 1691592578L, -120799512L, 191129836L, 
1134151740L, 1134743410L, 594374256L, -2129392604L, 1250287416L, 
-1191424870L, 1077940944L, -1329606468L, 1118236308L, 807431810L, 
-698179392L, 939263804L, 684675216L, 1319570978L, 1419783176L, 
775523596L, -1147810660L, 807588370L, -1851608192L, -1730447852L, 
1589505576L, 425483578L, 1912417744L, 866551916L, -2052487884L, 
-1318180206L, -808595616L, 1958997836L, -1232934944L, -75367518L, 
537959336L, -1921173108L, -1116521284L, -1795440270L, 1785473264L, 
-728016828L, 771220824L, 2066483770L, -1023864976L, 73714748L, 
1434419988L, 855868866L, 1898319584L, -1868846212L, -1067519280L, 
2051173538L, -1741111256L, -2142799604L, 165759932L, -1126908622L, 
925999552L, -801310156L, 708153288L, 593116346L, 1080209808L, 
-1054604820L, 1012020820L, 2124731538L, 528810784L, -628211252L, 
-615025184L, 163309250L, 464947240L, -663447892L, 295608508L, 
-932241934L, 1582484784L, -2131368796L, 873069240L, 2134825306L, 
1749289360L, 1238312828L, 2131208468L, 495738690L, -843108608L, 
-88292420L, 91837264L, 334577442L, 1903813960L, -1216606708L, 
-683345828L, 1649381586L, -1517875712L, -802877100L, -195027480L, 
-1569129478L, 191847632L, 294271276L, -1004534028L, -1965335150L, 
-791281568L, -1603545844L, -395085088L, 182697314L, -2096012632L, 
473295434L, -910291393L, -732618103L, -110950754L, 2132841292L, 
1329967901L, -1412791641L, 1562683856L, -1921883794L, 472681499L, 
1498498429L, -457092246L, 1333143048L, 1185094321L, -2031426269L, 
-274622940L, 1100471506L, -1096393433L, 123942769L, 1983149494L, 
1970371924L, 564345829L, -292764177L, -396407512L, 1463983494L, 
-729654861L, 415216917L, -996493454L, -144174144L, 2047448105L, 
1264402587L, -329765524L, 116790650L, 31708847L, -1279574599L, 
1816977358L, -1797771492L, -2011718003L, 33488631L, -907972096L, 
1787477086L, 1606745899L, -666137555L, 752155802L, 1556639832L, 
-1141450815L, 453916787L, 176107924L, 1798029346L, -931576009L, 
-1226847743L, -1141845242L, 501595972L, -1628482955L, 21775327L, 
1026172728L, 230957334L, -1698964189L, 684805861L, 628635394L, 
1111235952L, -1845854951L, -621562613L, 1738372604L, -1522151894L, 
-2000710049L, 1503127017L, -371894530L, 449267436L, 985609789L, 
195405319L, 709356016L, -1860060786L, 914689979L, -424273507L, 
1974572874L, -1126782104L, -1244074671L, 2050948675L, 185082692L, 
-275496974L, -792789561L, 1449542545L, 932428566L, -1929900172L, 
2107256325L, -425257393L, 406729288L, -1946737690L, -207303405L, 
452002421L, -897453998L, 1371341472L, 491138953L, 1839836091L, 
-1366709236L, -1614489190L, 1295612175L, -1005451431L, -1210160658L, 
1975448700L, 1192349933L, 1448335255L, 502870112L, -331124162L, 
-375123189L, -559740531L, -117034310L, -1312696072L, -1724291423L, 
1680260691L, 445612404L, -932645118L, -372105321L, 1768034657L, 
1830410662L, -71083100L, 527369813L, -1461025025L, 1956301720L, 
822209718L, 93571395L, -851435387L, -2103805662L, 443435536L, 
693227961L, 663151211L, -1997537956L, 1603226762L, -1265843073L, 
-52171319L, -967580066L, 682083596L, -1910406947L, 753511911L, 
919270928L, 618048302L, 1748758491L, 1915769021L, 1879497258L, 
1454868168L, -172891151L, -85588637L, -424649372L, 1634689170L, 
-1877527193L, 232329009L, -952818570L, -105988716L, -1770747483L, 
